1 0.056472 -79.492966 26.628654 0.000000 0.000000 0.000000 1.000000
2 0.056472 -79.492966 26.628654 0.000000 0.000000 0.000000 1.000000
3 0.056472 -79.492966 26.628654 0.000000 0.000000 0.000000 1.000000
4 0.056472 -79.492966 26.628654 0.000000 0.000000 0.000000 1.000000
5 0.056472 -79.492966 26.628654 0.000000 0.000000 0.000000 1.000000
6 0.056472 -79.492966 26.628654 0.000000 0.000000 0.000000 1.000000
7 0.056472 -79.492966 26.628654 0.000000 0.000000 0.000000 1.000000
8 0.056472 -79.492966 26.628654 0.000000 0.000000 0.000000 1.000000
9 0.056472 -79.492966 26.628654 0.000000 0.000000 0.000000 1.000000
10 0.056472 -79.492966 26.628654 0.000000 0.000000 0.000000 1.000000
11 0.056472 -79.492966 26.628654 0.000000 0.000000 0.000000 1.000000
12 0.056472 -79.492966 26.628654 0.000000 0.000000 0.000000 1.000000
13 0.056472 -79.492966 26.628654 0.000000 0.000000 0.000000 1.000000
14 0.056472 -79.492966 26.628654 0.000000 0.000000 0.000000 1.000000
15 0.056472 -79.492966 26.628654 0.000000 0.000000 0.000000 1.000000
16 0.056472 -79.492966 26.628654 0.000000 0.000000 0.000000 1.000000
17 0.056472 -79.492966 26.628654 0.000000 0.000000 0.000000 1.000000
18 0.056472 -79.492966 26.628654 0.000000 0.000000 0.000000 1.000000
19 0.056472 -79.492966 26.628654 0.000000 0.000000 0.000000 1.000000
20 0.056472 -79.492966 26.628654 0.000000 0.000000 0.000000 1.000000
21 0.056472 -79.492966 26.628654 0.000000 0.000000 0.000000 1.000000
22 0.056472 -79.492966 26.628654 0.000000 0.000000 0.000000 1.000000
23 0.056472 -79.492966 26.628654 0.000000 0.000000 0.000000 1.000000
24 0.056472 -79.492966 26.628654 0.000000 0.000000 0.000000 1.000000
25 0.056472 -79.492966 26.628654 0.000000 0.000000 0.000000 1.000000
26 0.056472 -79.492966 26.628654 0.000000 0.000000 0.000000 1.000000
27 0.056472 -79.492966 26.628654 0.000000 0.000000 0.000000 1.000000
28 0.056472 -79.492966 26.628654 0.000000 0.000000 0.000000 1.000000
29 0.056472 -79.492966 26.628654 0.000000 0.000000 0.000000 1.000000
30 0.056472 -79.492966 26.628654 0.000000 0.000000 0.000000 1.000000
31 0.056472 -79.492966 26.628654 0.000000 0.000000 0.000000 1.000000
32 0.056472 -79.492966 26.628654 0.000000 0.000000 0.000000 1.000000
33 0.056472 -79.492966 26.628654 0.000000 0.000000 0.000000 1.000000
34 0.056472 -79.492966 26.628654 0.000000 0.000000 0.000000 1.000000
35 0.056472 -79.492966 26.628654 0.000000 0.000000 0.000000 1.000000
36 0.056472 -79.492966 26.628654 0.000000 0.000000 0.000000 1.000000
37 0.056472 -79.492966 26.628654 0.000000 0.000000 0.000000 1.000000
38 0.056472 -79.492966 26.628654 0.000000 0.000000 0.000000 1.000000
39 0.056472 -79.492966 26.628654 0.000000 0.000000 0.000000 1.000000
40 0.056472 -79.492966 26.628654 0.000000 0.000000 0.000000 1.000000
41 0.056472 -79.492966 26.628654 0.000000 0.000000 0.000000 1.000000
42 0.056472 -79.492966 26.628654 0.000000 0.000000 0.000000 1.000000
43 0.056472 -79.492966 26.628654 0.000000 0.000000 0.000000 1.000000
44 0.056472 -79.492966 26.628654 0.000000 0.000000 0.000000 1.000000
45 0.056472 -79.492966 26.628654 0.000000 0.000000 0.000000 1.000000
46 0.056472 -79.492966 26.628654 0.000000 0.000000 0.000000 1.000000
47 0.056472 -79.492966 26.628654 0.000000 0.000000 0.000000 1.000000
48 0.056472 -79.492966 26.628654 0.000000 0.000000 0.000000 1.000000
49 0.056472 -79.492966 26.628654 0.000000 0.000000 0.000000 1.000000
50 0.056472 -79.492966 26.628654 0.000000 0.000000 0.000000 1.000000
51 0.056472 -79.492966 26.628654 0.000000 0.000000 0.000000 1.000000
52 0.056472 -79.492966 26.628654 0.000000 0.000000 0.000000 1.000000
53 0.056472 -79.492966 26.628654 0.000000 0.000000 0.000000 1.000000
54 0.056472 -79.492966 26.628654 0.000000 0.000000 0.000000 1.000000
55 0.056472 -79.492966 26.628654 0.000000 0.000000 0.000000 1.000000
56 0.056472 -79.492966 26.628654 0.000000 0.000000 0.000000 1.000000
57 0.056472 -79.492966 26.628654 0.000000 0.000000 0.000000 1.000000
58 0.056472 -79.492966 26.628654 0.000000 0.000000 0.000000 1.000000
59 0.056472 -79.492966 26.628654 0.000000 0.000000 0.000000 1.000000
60 0.056472 -79.492966 26.628654 0.000000 0.000000 0.000000 1.000000
61 0.056472 -79.492966 26.628654 0.000000 0.000000 0.000000 1.000000
62 0.056472 -79.492966 26.628654 0.000000 0.000000 0.000000 1.000000
63 0.056472 -79.492966 26.628654 0.000000 0.000000 0.000000 1.000000
64 0.056472 -79.492966 26.628654 0.000000 0.000000 0.000000 1.000000
65 0.056472 -79.492966 26.628654 0.000000 0.000000 0.000000 1.000000
66 0.056472 -79.492966 26.628654 0.000000 0.000000 0.000000 1.000000
67 0.056472 -79.492966 26.628654 0.000000 0.000000 0.000000 1.000000
68 0.056472 -79.492966 26.628654 0.000000 0.000000 0.000000 1.000000
69 0.056472 -79.492966 26.628654 0.000000 0.000000 0.000000 1.000000
70 0.056472 -79.492966 26.628654 0.000000 0.000000 0.000000 1.000000
71 0.056472 -79.492966 26.628654 0.000000 0.000000 0.000000 1.000000
72 0.056472 -79.492966 26.628654 0.000000 0.000000 0.000000 1.000000
73 0.056472 -79.492966 26.628654 0.000000 0.000000 0.000000 1.000000
74 0.056472 -79.492966 26.628654 0.000000 0.000000 0.000000 1.000000
75 0.056472 -79.492966 26.628654 0.000000 0.000000 0.000000 1.000000
76 0.056472 -79.492966 26.628654 0.000000 0.000000 0.000000 1.000000
77 0.056472 -79.492966 26.628654 0.000000 0.000000 0.000000 1.000000
78 0.056472 -79.492966 26.628654 0.000000 0.000000 0.000000 1.000000
79 0.056472 -79.492966 26.628654 0.000000 0.000000 0.000000 1.000000
80 0.056472 -79.492966 26.628654 0.000000 0.000000 0.000000 1.000000
81 0.056472 -79.492966 26.628654 0.000000 0.000000 0.000000 1.000000
82 0.056472 -79.492966 26.628654 0.000000 0.000000 0.000000 1.000000
83 0.056472 -79.492966 26.628654 0.000000 0.000000 0.000000 1.000000
84 0.056472 -79.492966 26.628654 0.000000 0.000000 0.000000 1.000000
85 0.056472 -79.492966 26.628654 0.000000 0.000000 0.000000 1.000000
86 0.056472 -79.492966 26.628654 0.000000 0.000000 0.000000 1.000000
87 0.056472 -79.492966 26.628654 0.000000 0.000000 0.000000 1.000000
88 0.056472 -79.492966 26.628654 0.000000 0.000000 0.000000 1.000000
89 0.056472 -79.492966 26.628654 0.000000 0.000000 0.000000 1.000000
90 0.056472 -79.492966 26.628654 0.000000 0.000000 0.000000 1.000000
91 0.056472 -79.492966 26.628654 0.000000 0.000000 0.000000 1.000000
92 0.056472 -79.492966 26.628654 0.000000 0.000000 0.000000 1.000000
93 0.056472 -79.492966 26.628654 0.000000 0.000000 0.000000 1.000000
94 0.056472 -79.492966 26.628654 0.000000 0.000000 0.000000 1.000000
95 0.056472 -79.492966 26.628654 0.000000 0.000000 0.000000 1.000000
96 0.056472 -79.492966 26.628654 0.000000 0.000000 0.000000 1.000000
97 0.056472 -79.492966 26.628654 0.000000 0.000000 0.000000 1.000000
98 0.056472 -79.492966 26.628654 0.000000 0.000000 0.000000 1.000000
99 0.056472 -79.492966 26.628654 0.000000 0.000000 0.000000 1.000000
100 0.056472 -79.492966 26.628654 0.000000 0.000000 0.000000 1.000000
101 0.056472 -79.492966 26.628654 0.000000 0.000000 0.000000 1.000000
102 0.056472 -79.492966 26.628654 0.000000 0.000000 0.000000 1.000000
103 0.056472 -79.492966 26.628654 0.000000 0.000000 0.000000 1.000000
104 0.056472 -79.492966 26.628654 0.000000 0.000000 0.000000 1.000000
105 0.056472 -79.492966 26.628654 0.000000 0.000000 0.000000 1.000000
106 0.056472 -79.492966 26.628654 0.000000 0.000000 0.000000 1.000000
107 0.056472 -79.492966 26.628654 0.000000 0.000000 0.000000 1.000000
108 0.056472 -79.492966 26.628654 0.000000 0.000000 0.000000 1.000000
109 0.056472 -79.492966 26.628654 0.000000 0.000000 0.000000 1.000000
110 0.056472 -79.492966 26.628654 0.000000 0.000000 0.000000 1.000000
111 0.056472 -79.492966 26.628654 0.000000 0.000000 0.000000 1.000000
112 0.056472 -79.492966 26.628654 0.000000 0.000000 0.000000 1.000000
113 0.056472 -79.492966 26.628654 0.000000 0.000000 0.000000 1.000000
114 0.056472 -79.492966 26.628654 0.000000 0.000000 0.000000 1.000000
115 0.056472 -79.492966 26.628654 0.000000 0.000000 0.000000 1.000000
116 0.056472 -79.492966 26.628654 0.000000 0.000000 0.000000 1.000000
117 0.056472 -79.492966 26.628654 0.000000 0.000000 0.000000 1.000000
118 0.056472 -79.492966 26.628654 0.000000 0.000000 0.000000 1.000000
119 0.056472 -79.492966 26.628654 0.000000 0.000000 0.000000 1.000000
120 0.056472 -79.492966 26.628654 0.000000 0.000000 0.000000 1.000000
121 0.056472 -79.492966 26.628654 0.000000 0.000000 0.000000 1.000000
122 0.056472 -79.492966 26.628654 0.000000 0.000000 0.000000 1.000000
123 0.056472 -79.492966 26.628654 0.000000 0.000000 0.000000 1.000000
124 0.056472 -79.492966 26.628654 0.000000 0.000000 0.000000 1.000000
125 0.056472 -79.492966 26.628654 0.000000 0.000000 0.000000 1.000000
126 0.056472 -79.492966 26.628654 0.000000 0.000000 0.000000 1.000000
127 0.056472 -79.492966 26.628654 0.000000 0.000000 0.000000 1.000000
128 0.056472 -79.492966 26.628654 0.000000 0.000000 0.000000 1.000000
129 0.056472 -79.492966 26.628654 0.000000 0.000000 0.000000 1.000000
130 0.056472 -79.492966 26.628654 0.000000 0.000000 0.000000 1.000000
131 0.056472 -79.492966 26.628654 0.000000 0.000000 0.000000 1.000000
132 0.056472 -79.492966 26.628654 0.000000 0.000000 0.000000 1.000000
133 0.056472 -79.492966 26.628654 0.000000 0.000000 0.000000 1.000000
134 0.056472 -79.492966 26.628654 0.000000 0.000000 0.000000 1.000000
135 0.056472 -79.492966 26.628654 0.000000 0.000000 0.000000 1.000000
136 0.056472 -79.492966 26.628654 0.000000 0.000000 0.000000 1.000000
137 0.056472 -79.492966 26.628654 0.000000 0.000000 0.000000 1.000000
138 0.056472 -79.492966 26.628654 0.000000 0.000000 0.000000 1.000000
139 0.056472 -79.492966 26.628654 0.000000 0.000000 0.000000 1.000000
140 0.056472 -79.492966 26.628654 0.000000 0.000000 0.000000 1.000000
141 0.056472 -79.492966 26.628654 0.000000 0.000000 0.000000 1.000000
142 0.056472 -79.492966 26.628654 0.000000 0.000000 0.000000 1.000000
143 0.056472 -79.492966 26.628654 0.000000 0.000000 0.000000 1.000000
144 0.056472 -79.492966 26.628654 0.000000 0.000000 0.000000 1.000000
145 0.056472 -79.492966 26.628654 0.000000 0.000000 0.000000 1.000000
146 0.056472 -79.492966 26.628654 0.000000 0.000000 0.000000 1.000000
147 0.056472 -79.492966 26.628654 0.000000 0.000000 0.000000 1.000000
148 0.056472 -79.492966 26.628654 0.000000 0.000000 0.000000 1.000000
149 0.056472 -79.492966 26.628654 0.000000 0.000000 0.000000 1.000000
150 0.056472 -79.492966 26.628654 0.000000 0.000000 0.000000 1.000000
151 0.056472 -79.492966 26.628654 0.000000 0.000000 0.000000 1.000000
152 0.056472 -79.492966 26.628654 0.000000 0.000000 0.000000 1.000000
153 0.056472 -79.492966 26.628654 0.000000 0.000000 0.000000 1.000000
154 0.056472 -79.492966 26.628654 0.000000 0.000000 0.000000 1.000000
155 0.056472 -79.492966 26.628654 0.000000 0.000000 0.000000 1.000000
156 0.056472 -79.492966 26.628654 0.000000 0.000000 0.000000 1.000000
157 0.056472 -79.492966 26.628654 0.000000 0.000000 0.000000 1.000000
158 0.056472 -79.492966 26.628654 0.000000 0.000000 0.000000 1.000000
159 0.056472 -79.492966 26.628654 0.000000 0.000000 0.000000 1.000000
160 0.056472 -79.492966 26.628654 0.000000 0.000000 0.000000 1.000000
161 0.056472 -79.492966 26.628654 0.000000 0.000000 0.000000 1.000000
162 0.056472 -79.492966 26.628654 0.000000 0.000000 0.000000 1.000000
163 0.056472 -79.492966 26.628654 0.000000 0.000000 0.000000 1.000000
164 0.056472 -79.492966 26.628654 0.000000 0.000000 0.000000 1.000000
165 0.056472 -79.492966 26.628654 0.000000 0.000000 0.000000 1.000000
166 0.056472 -79.492966 26.628654 0.000000 0.000000 0.000000 1.000000
167 0.056472 -79.492966 26.628654 0.000000 0.000000 0.000000 1.000000
168 0.056472 -79.492966 26.628654 0.000000 0.000000 0.000000 1.000000
169 0.056472 -79.492966 26.628654 0.000000 0.000000 0.000000 1.000000
170 0.056472 -79.492966 26.628654 0.000000 0.000000 0.000000 1.000000
171 0.056472 -79.492966 26.628654 0.000000 0.000000 0.000000 1.000000
172 0.056472 -79.492966 26.628654 0.000000 0.000000 0.000000 1.000000
173 0.056472 -79.492966 26.628654 0.000000 0.000000 0.000000 1.000000
174 0.056472 -79.492966 26.628654 0.000000 0.000000 0.000000 1.000000
175 0.056472 -79.492966 26.628654 0.000000 0.000000 0.000000 1.000000
176 0.056472 -79.492966 26.628654 0.000000 0.000000 0.000000 1.000000
177 0.056472 -79.492966 26.628654 0.000000 0.000000 0.000000 1.000000
178 0.056472 -79.492966 26.628654 0.000000 0.000000 0.000000 1.000000
179 0.056472 -79.492966 26.628654 0.000000 0.000000 0.000000 1.000000
180 0.056472 -79.492966 26.628654 0.000000 0.000000 0.000000 1.000000
181 0.056472 -79.492966 26.628654 0.000000 0.000000 0.000000 1.000000
182 0.056472 -79.492966 26.628654 0.000000 0.000000 0.000000 1.000000
183 0.056472 -79.492966 26.628654 0.000000 0.000000 0.000000 1.000000
184 0.056472 -79.492966 26.628654 0.000000 0.000000 0.000000 1.000000
185 0.056472 -79.492966 26.628654 0.000000 0.000000 0.000000 1.000000
186 0.056472 -79.492966 26.628654 0.000000 0.000000 0.000000 1.000000
187 0.056472 -79.492966 26.628654 0.000000 0.000000 0.000000 1.000000
188 0.056472 -79.492966 26.628654 0.000000 0.000000 0.000000 1.000000
189 0.056472 -79.492966 26.628654 0.000000 0.000000 0.000000 1.000000
190 0.056472 -79.492966 26.628654 0.000000 0.000000 0.000000 1.000000
191 0.056472 -79.492966 26.628654 0.000000 0.000000 0.000000 1.000000
192 0.056472 -79.492966 26.628654 0.000000 0.000000 0.000000 1.000000
193 0.056472 -79.492966 26.628654 0.000000 0.000000 0.000000 1.000000
194 0.056472 -79.492966 26.628654 0.000000 0.000000 0.000000 1.000000
195 0.056472 -79.492966 26.628654 0.000000 0.000000 0.000000 1.000000
196 0.056472 -79.492966 26.628654 0.000000 0.000000 0.000000 1.000000
197 0.056472 -79.492966 26.628654 0.000000 0.000000 0.000000 1.000000
198 0.056472 -79.492966 26.628654 0.000000 0.000000 0.000000 1.000000
199 0.056472 -79.492966 26.628654 0.000000 0.000000 0.000000 1.000000
200 0.056472 -79.492966 26.628654 0.000000 0.000000 0.000000 1.000000
201 0.056472 -79.492966 26.628654 0.000000 0.000000 0.000000 1.000000
202 0.056472 -79.492966 26.628654 0.000000 0.000000 0.000000 1.000000
203 0.056472 -79.492966 26.628654 0.000000 0.000000 0.000000 1.000000
204 0.056472 -79.492966 26.628654 0.000000 0.000000 0.000000 1.000000
205 0.056472 -79.492966 26.628654 0.000000 0.000000 0.000000 1.000000
206 0.056472 -79.492966 26.628654 0.000000 0.000000 0.000000 1.000000
207 0.056472 -79.492966 26.628654 0.000000 0.000000 0.000000 1.000000
208 0.056472 -79.492966 26.628654 0.000000 0.000000 0.000000 1.000000
209 0.056472 -79.492966 26.628654 0.000000 0.000000 0.000000 1.000000
210 0.056472 -79.492966 26.628654 0.000000 0.000000 0.000000 1.000000
211 0.056472 -79.492966 26.628654 0.000000 0.000000 0.000000 1.000000
212 0.056472 -79.492966 26.628654 0.000000 0.000000 0.000000 1.000000
213 0.056472 -79.492966 26.628654 0.000000 0.000000 0.000000 1.000000
214 0.056472 -79.492966 26.628654 0.000000 0.000000 0.000000 1.000000
215 0.056472 -79.492966 26.628654 0.000000 0.000000 0.000000 1.000000
216 0.056472 -79.492966 26.628654 0.000000 0.000000 0.000000 1.000000
217 0.056472 -79.492966 26.628654 0.000000 0.000000 0.000000 1.000000
218 0.056472 -79.492966 26.628654 0.000000 0.000000 0.000000 1.000000
219 0.056472 -79.492966 26.628654 0.000000 0.000000 0.000000 1.000000
220 0.056472 -79.492966 26.628654 0.000000 0.000000 0.000000 1.000000
221 0.056472 -79.492966 26.628654 0.000000 0.000000 0.000000 1.000000
222 0.056472 -79.492966 26.628654 0.000000 0.000000 0.000000 1.000000
223 0.056472 -79.492966 26.628654 0.000000 0.000000 0.000000 1.000000
224 0.056472 -79.492966 26.628654 0.000000 0.000000 0.000000 1.000000
225 0.056472 -79.492966 26.628654 0.000000 0.000000 0.000000 1.000000
226 0.056472 -79.492966 26.628654 0.000000 0.000000 0.000000 1.000000
227 0.056472 -79.492966 26.628654 0.000000 0.000000 0.000000 1.000000
228 0.056472 -79.492966 26.628654 0.000000 0.000000 0.000000 1.000000
229 0.056472 -79.492966 26.628654 0.000000 0.000000 0.000000 1.000000
230 0.056472 -79.492966 26.628654 0.000000 0.000000 0.000000 1.000000
231 0.056472 -79.492966 26.628654 0.000000 0.000000 0.000000 1.000000
232 0.056472 -79.492966 26.628654 0.000000 0.000000 0.000000 1.000000
233 0.056472 -79.492966 26.628654 0.000000 0.000000 0.000000 1.000000
234 0.056472 -79.492966 26.628654 0.000000 0.000000 0.000000 1.000000
235 0.056472 -79.492966 26.628654 0.000000 0.000000 0.000000 1.000000
236 0.056472 -79.492966 26.628654 0.000000 0.000000 0.000000 1.000000
237 0.056472 -79.492966 26.628654 0.000000 0.000000 0.000000 1.000000
238 0.056472 -79.492966 26.628654 0.000000 0.000000 0.000000 1.000000
239 0.056472 -79.492966 26.628654 0.000000 0.000000 0.000000 1.000000
240 0.056472 -79.492966 26.628654 0.000000 0.000000 0.000000 1.000000
241 0.056472 -79.492966 26.628654 0.000000 0.000000 0.000000 1.000000
242 0.056472 -79.492966 26.628654 0.000000 0.000000 0.000000 1.000000
243 0.056472 -79.492966 26.628654 0.000000 0.000000 0.000000 1.000000
244 0.056472 -79.492966 26.628654 0.000000 0.000000 0.000000 1.000000
245 0.056472 -79.492966 26.628654 0.000000 0.000000 0.000000 1.000000
246 0.056472 -79.492966 26.628654 0.000000 0.000000 0.000000 1.000000
247 0.056472 -79.492966 26.628654 0.000000 0.000000 0.000000 1.000000
248 0.056472 -79.492966 26.628654 0.000000 0.000000 0.000000 1.000000
249 0.056472 -79.492966 26.628654 0.000000 0.000000 0.000000 1.000000
250 0.056472 -79.492966 26.628654 0.000000 0.000000 0.000000 1.000000
251 0.056472 -79.492966 26.628654 0.000000 0.000000 0.000000 1.000000
252 0.056472 -79.492966 26.628654 0.000000 0.000000 0.000000 1.000000
253 0.056472 -79.492966 26.628654 0.000000 0.000000 0.000000 1.000000
254 0.056472 -79.492966 26.628654 0.000000 0.000000 0.000000 1.000000
255 0.056472 -79.492966 26.628654 0.000000 0.000000 0.000000 1.000000
256 0.056472 -79.492966 26.628654 0.000000 0.000000 0.000000 1.000000
257 0.056472 -79.492966 26.628654 0.000000 0.000000 0.000000 1.000000
258 0.056472 -79.492966 26.628654 0.000000 0.000000 0.000000 1.000000
259 0.056472 -79.492966 26.628654 0.000000 0.000000 0.000000 1.000000
260 0.056472 -79.492966 26.628654 0.000000 0.000000 0.000000 1.000000
261 0.056472 -79.492966 26.628654 0.000000 0.000000 0.000000 1.000000
262 0.056472 -79.492966 26.628654 0.000000 0.000000 0.000000 1.000000
263 0.056472 -79.492966 26.628654 0.000000 0.000000 0.000000 1.000000
264 0.056472 -79.492966 26.628654 0.000000 0.000000 0.000000 1.000000
265 0.056472 -79.492966 26.628654 0.000000 0.000000 0.000000 1.000000
266 0.056472 -79.492966 26.628654 0.000000 0.000000 0.000000 1.000000
267 0.056472 -79.492966 26.628654 0.000000 0.000000 0.000000 1.000000
268 0.056472 -79.492966 26.628654 0.000000 0.000000 0.000000 1.000000
269 0.056472 -79.492966 26.628654 0.000000 0.000000 0.000000 1.000000
270 0.056472 -79.492966 26.628654 0.000000 0.000000 0.000000 1.000000
271 0.056472 -79.492966 26.628654 0.000000 0.000000 0.000000 1.000000
272 0.056472 -79.492966 26.628654 0.000000 0.000000 0.000000 1.000000
273 0.056472 -79.492966 26.628654 0.000000 0.000000 0.000000 1.000000
274 0.056472 -79.492966 26.628654 0.000000 0.000000 0.000000 1.000000
275 0.056472 -79.492966 26.628654 0.000000 0.000000 0.000000 1.000000
276 0.056472 -79.492966 26.628654 0.000000 0.000000 0.000000 1.000000
277 0.056472 -79.492966 26.628654 0.000000 0.000000 0.000000 1.000000
278 0.056472 -79.492966 26.628654 0.000000 0.000000 0.000000 1.000000
279 0.056472 -79.492966 26.628654 0.000000 0.000000 0.000000 1.000000
280 0.056472 -79.492966 26.628654 0.000000 0.000000 0.000000 1.000000
281 0.056472 -79.492966 26.628654 0.000000 0.000000 0.000000 1.000000
282 0.056472 -79.492966 26.628654 0.000000 0.000000 0.000000 1.000000
283 0.056472 -79.492966 26.628654 0.000000 0.000000 0.000000 1.000000
284 0.056472 -79.492966 26.628654 0.000000 0.000000 0.000000 1.000000
285 0.056472 -79.492966 26.628654 0.000000 0.000000 0.000000 1.000000
286 0.056472 -79.492966 26.628654 0.000000 0.000000 0.000000 1.000000
287 0.056472 -79.492966 26.628654 0.000000 0.000000 0.000000 1.000000
288 0.056472 -79.492966 26.628654 0.000000 0.000000 0.000000 1.000000
289 0.056472 -79.492966 26.628654 0.000000 0.000000 0.000000 1.000000
290 0.056472 -79.492966 26.628654 0.000000 0.000000 0.000000 1.000000
291 0.056472 -79.492966 26.628654 0.000000 0.000000 0.000000 1.000000
292 0.056472 -79.492966 26.628654 0.000000 0.000000 0.000000 1.000000
293 0.056472 -79.492966 26.628654 0.000000 0.000000 0.000000 1.000000
294 0.056472 -79.492966 26.628654 0.000000 0.000000 0.000000 1.000000
295 0.056472 -79.492966 26.628654 0.000000 0.000000 0.000000 1.000000
296 0.056472 -79.492966 26.628654 0.000000 0.000000 0.000000 1.000000
297 0.056472 -79.492966 26.628654 0.000000 0.000000 0.000000 1.000000
298 0.056472 -79.492966 26.628654 0.000000 0.000000 0.000000 1.000000
299 0.056472 -79.492966 26.628654 0.000000 0.000000 0.000000 1.000000
300 0.056472 -79.492966 26.628654 0.000000 0.000000 0.000000 1.000000
301 0.056472 -79.492966 26.628654 0.000000 0.000000 0.000000 1.000000
302 0.056472 -79.492966 26.628654 0.000000 0.000000 0.000000 1.000000
303 0.056472 -79.492966 26.628654 0.000000 0.000000 0.000000 1.000000
304 0.056472 -79.492966 26.628654 0.000000 0.000000 0.000000 1.000000
305 0.056472 -79.492966 26.628654 0.000000 0.000000 0.000000 1.000000
306 0.056472 -79.492966 26.628654 0.000000 0.000000 0.000000 1.000000
307 0.056472 -79.492966 26.628654 0.000000 0.000000 0.000000 1.000000
308 0.056472 -79.492966 26.628654 0.000000 0.000000 0.000000 1.000000
309 0.056472 -79.492966 26.628654 0.000000 0.000000 0.000000 1.000000
310 0.056472 -79.492966 26.628654 0.000000 0.000000 0.000000 1.000000
311 0.056472 -79.492966 26.628654 0.000000 0.000000 0.000000 1.000000
312 0.056472 -79.492966 26.628654 0.000000 0.000000 0.000000 1.000000
313 0.056472 -79.492966 26.628654 0.000000 0.000000 0.000000 1.000000
314 0.056472 -79.492966 26.628654 0.000000 0.000000 0.000000 1.000000
315 0.056472 -79.492966 26.628654 0.000000 0.000000 0.000000 1.000000
316 0.056472 -79.492966 26.628654 0.000000 0.000000 0.000000 1.000000
317 0.056472 -79.492966 26.628654 0.000000 0.000000 0.000000 1.000000
318 0.056472 -79.492966 26.628654 0.000000 0.000000 0.000000 1.000000
319 0.056472 -79.492966 26.628654 0.000000 0.000000 0.000000 1.000000
320 0.056472 -79.492966 26.628654 0.000000 0.000000 0.000000 1.000000
321 0.056472 -79.492966 26.628654 0.000000 0.000000 0.000000 1.000000
322 0.056472 -79.492966 26.628654 0.000000 0.000000 0.000000 1.000000
323 0.056472 -79.492966 26.628654 0.000000 0.000000 0.000000 1.000000
324 0.056472 -79.492966 26.628654 0.000000 0.000000 0.000000 1.000000
325 0.056472 -79.492966 26.628654 0.000000 0.000000 0.000000 1.000000
326 0.056472 -79.492966 26.628654 0.000000 0.000000 0.000000 1.000000
327 0.056472 -79.492966 26.628654 0.000000 0.000000 0.000000 1.000000
328 0.056472 -79.492966 26.628654 0.000000 0.000000 0.000000 1.000000
329 0.056472 -79.492966 26.628654 0.000000 0.000000 0.000000 1.000000
330 0.056472 -79.492966 26.628654 0.000000 0.000000 0.000000 1.000000
331 0.056472 -79.492966 26.628654 0.000000 0.000000 0.000000 1.000000
332 0.056472 -79.492966 26.628654 0.000000 0.000000 0.000000 1.000000
333 0.056472 -79.492966 26.628654 0.000000 0.000000 0.000000 1.000000
334 0.056472 -79.492966 26.628654 0.000000 0.000000 0.000000 1.000000
335 0.056472 -79.492966 26.628654 0.000000 0.000000 0.000000 1.000000
336 0.056472 -79.492966 26.628654 0.000000 0.000000 0.000000 1.000000
337 0.056472 -79.492966 26.628654 0.000000 0.000000 0.000000 1.000000
338 0.056472 -79.492966 26.628654 0.000000 0.000000 0.000000 1.000000
339 0.056472 -79.492966 26.628654 0.000000 0.000000 0.000000 1.000000
340 0.056472 -79.492966 26.628654 0.000000 0.000000 0.000000 1.000000
341 0.056472 -79.492966 26.628654 0.000000 0.000000 0.000000 1.000000
342 0.056472 -79.492966 26.628654 0.000000 0.000000 0.000000 1.000000
343 0.056472 -79.492966 26.628654 0.000000 0.000000 0.000000 1.000000
344 0.056472 -79.492966 26.628654 0.000000 0.000000 0.000000 1.000000
345 0.056472 -79.492966 26.628654 0.000000 0.000000 0.000000 1.000000
346 0.056472 -79.492966 26.628654 0.000000 0.000000 0.000000 1.000000
347 0.056472 -79.492966 26.628654 0.000000 0.000000 0.000000 1.000000
348 0.056472 -79.492966 26.628654 0.000000 0.000000 0.000000 1.000000
349 0.056472 -79.492966 26.628654 0.000000 0.000000 0.000000 1.000000
350 0.056472 -79.492966 26.628654 0.000000 0.000000 0.000000 1.000000
351 0.056472 -79.492966 26.628654 0.000000 0.000000 0.000000 1.000000
352 0.056472 -79.492966 26.628654 0.000000 0.000000 0.000000 1.000000
353 0.056472 -79.492966 26.628654 0.000000 0.000000 0.000000 1.000000
354 0.056472 -79.492966 26.628654 0.000000 0.000000 0.000000 1.000000
355 0.056472 -79.492966 26.628654 0.000000 0.000000 0.000000 1.000000
356 0.056472 -79.492966 26.628654 0.000000 0.000000 0.000000 1.000000
357 0.056472 -79.492966 26.628654 0.000000 0.000000 0.000000 1.000000
358 0.056472 -79.492966 26.628654 0.000000 0.000000 0.000000 1.000000
359 0.056472 -79.492966 26.628654 0.000000 0.000000 0.000000 1.000000
360 0.056472 -79.492966 26.628654 0.000000 0.000000 0.000000 1.000000
361 0.056472 -79.492966 26.628654 0.000000 0.000000 0.000000 1.000000
362 0.056472 -79.492966 26.628654 0.000000 0.000000 0.000000 1.000000
363 0.056472 -79.492966 26.628654 0.000000 0.000000 0.000000 1.000000
364 0.056472 -79.492966 26.628654 0.000000 0.000000 0.000000 1.000000
365 0.056472 -79.492966 26.628654 0.000000 0.000000 0.000000 1.000000
366 0.056472 -79.492966 26.628654 0.000000 0.000000 0.000000 1.000000
367 0.056472 -79.492966 26.628654 0.000000 0.000000 0.000000 1.000000
368 0.056472 -79.492966 26.628654 0.000000 0.000000 0.000000 1.000000
369 0.056472 -79.492966 26.628654 0.000000 0.000000 0.000000 1.000000
370 0.056472 -79.492966 26.628654 0.000000 0.000000 0.000000 1.000000
371 0.056472 -79.492966 26.628654 0.000000 0.000000 0.000000 1.000000
372 0.056472 -79.492966 26.628654 0.000000 0.000000 0.000000 1.000000
373 0.056472 -79.492966 26.628654 0.000000 0.000000 0.000000 1.000000
374 0.056472 -79.492966 26.628654 0.000000 0.000000 0.000000 1.000000
375 0.056472 -79.492966 26.628654 0.000000 0.000000 0.000000 1.000000
376 0.056472 -79.492966 26.628654 0.000000 0.000000 0.000000 1.000000
377 0.056472 -79.492966 26.628654 0.000000 0.000000 0.000000 1.000000
378 0.056472 -79.492966 26.628654 0.000000 0.000000 0.000000 1.000000
379 0.056472 -79.492966 26.628654 0.000000 0.000000 0.000000 1.000000
380 0.056472 -79.492966 26.628654 0.000000 0.000000 0.000000 1.000000
381 0.056472 -79.492966 26.628654 0.000000 0.000000 0.000000 1.000000
382 0.056472 -79.492966 26.628654 0.000000 0.000000 0.000000 1.000000
383 0.056472 -79.492966 26.628654 0.000000 0.000000 0.000000 1.000000
384 0.056472 -79.492966 26.628654 0.000000 0.000000 0.000000 1.000000
385 0.056472 -79.492966 26.628654 0.000000 0.000000 0.000000 1.000000
386 0.056472 -79.492966 26.628654 0.000000 0.000000 0.000000 1.000000
387 0.056472 -79.492966 26.628654 0.000000 0.000000 0.000000 1.000000
388 0.056472 -79.492966 26.628654 0.000000 0.000000 0.000000 1.000000
389 0.056472 -79.492966 26.628654 0.000000 0.000000 0.000000 1.000000
390 0.056472 -79.492966 26.628654 0.000000 0.000000 0.000000 1.000000
391 0.056472 -79.492966 26.628654 0.000000 0.000000 0.000000 1.000000
392 0.056472 -79.492966 26.628654 0.000000 0.000000 0.000000 1.000000
393 0.056472 -79.492966 26.628654 0.000000 0.000000 0.000000 1.000000
394 0.056472 -79.492966 26.628654 0.000000 0.000000 0.000000 1.000000
395 0.056472 -79.492966 26.628654 0.000000 0.000000 0.000000 1.000000
396 0.056472 -79.492966 26.628654 0.000000 0.000000 0.000000 1.000000
397 0.056472 -79.492966 26.628654 0.000000 0.000000 0.000000 1.000000
398 0.056472 -79.492966 26.628654 0.000000 0.000000 0.000000 1.000000
399 0.056472 -79.492966 26.628654 0.000000 0.000000 0.000000 1.000000
400 0.056472 -79.492966 26.628654 0.000000 0.000000 0.000000 1.000000
401 0.056472 -79.492966 26.628654 0.000000 0.000000 0.000000 1.000000
402 0.056472 -79.492966 26.628654 0.000000 0.000000 0.000000 1.000000
403 0.056472 -79.492966 26.628654 0.000000 0.000000 0.000000 1.000000
404 0.056472 -79.492966 26.628654 0.000000 0.000000 0.000000 1.000000
405 0.056472 -79.492966 26.628654 0.000000 0.000000 0.000000 1.000000
406 0.056472 -79.492966 26.628654 0.000000 0.000000 0.000000 1.000000
407 0.056472 -79.492966 26.628654 0.000000 0.000000 0.000000 1.000000
408 0.056472 -79.492966 26.628654 0.000000 0.000000 0.000000 1.000000
409 0.056472 -79.492966 26.628654 0.000000 0.000000 0.000000 1.000000
410 0.056472 -79.492966 26.628654 0.000000 0.000000 0.000000 1.000000
411 0.056472 -79.492966 26.628654 0.000000 0.000000 0.000000 1.000000
412 0.056472 -79.492966 26.628654 0.000000 0.000000 0.000000 1.000000
413 0.056472 -79.492966 26.628654 0.000000 0.000000 0.000000 1.000000
414 0.056472 -79.492966 26.628654 0.000000 0.000000 0.000000 1.000000
415 0.056472 -79.492966 26.628654 0.000000 0.000000 0.000000 1.000000
416 0.056472 -79.492966 26.628654 0.000000 0.000000 0.000000 1.000000
417 0.056472 -79.492966 26.628654 0.000000 0.000000 0.000000 1.000000
418 0.056472 -79.492966 26.628654 0.000000 0.000000 0.000000 1.000000
419 0.056472 -79.492966 26.628654 0.000000 0.000000 0.000000 1.000000
420 0.056472 -79.492966 26.628654 0.000000 0.000000 0.000000 1.000000
421 0.056472 -79.492966 26.628654 0.000000 0.000000 0.000000 1.000000
422 0.056472 -79.492966 26.628654 0.000000 0.000000 0.000000 1.000000
423 0.056472 -79.492966 26.628654 0.000000 0.000000 0.000000 1.000000
424 0.056472 -79.492966 26.628654 0.000000 0.000000 0.000000 1.000000
425 0.056472 -79.492966 26.628654 0.000000 0.000000 0.000000 1.000000
426 0.056472 -79.492966 26.628654 0.000000 0.000000 0.000000 1.000000
427 0.056472 -79.492966 26.628654 0.000000 0.000000 0.000000 1.000000
428 0.056472 -79.492966 26.628654 0.000000 0.000000 0.000000 1.000000
429 0.056472 -79.492966 26.628654 0.000000 0.000000 0.000000 1.000000
430 0.056472 -79.492966 26.628654 0.000000 0.000000 0.000000 1.000000
431 0.056472 -79.492966 26.628654 0.000000 0.000000 0.000000 1.000000
432 0.056472 -79.492966 26.628654 0.000000 0.000000 0.000000 1.000000
433 0.056472 -79.492966 26.628654 0.000000 0.000000 0.000000 1.000000
434 0.056472 -79.492966 26.628654 0.000000 0.000000 0.000000 1.000000
435 0.056472 -79.492966 26.628654 0.000000 0.000000 0.000000 1.000000
436 0.056472 -79.492966 26.628654 0.000000 0.000000 0.000000 1.000000
437 0.056472 -79.492966 26.628654 0.000000 0.000000 0.000000 1.000000
438 0.056472 -79.492966 26.628654 0.000000 0.000000 0.000000 1.000000
439 0.056472 -79.492966 26.628654 0.000000 0.000000 0.000000 1.000000
440 0.056472 -79.492966 26.628654 0.000000 0.000000 0.000000 1.000000
441 0.056472 -79.492966 26.628654 0.000000 0.000000 0.000000 1.000000
442 0.056472 -79.492966 26.628654 0.000000 0.000000 0.000000 1.000000
443 0.056472 -79.492966 26.628654 0.000000 0.000000 0.000000 1.000000
444 0.056472 -79.492966 26.628654 0.000000 0.000000 0.000000 1.000000
445 0.056472 -79.492966 26.628654 0.000000 0.000000 0.000000 1.000000
446 0.056472 -79.492966 26.628654 0.000000 0.000000 0.000000 1.000000
447 0.056472 -79.492966 26.628654 0.000000 0.000000 0.000000 1.000000
448 0.056472 -79.492966 26.628654 0.000000 0.000000 0.000000 1.000000
449 0.056472 -79.492966 26.628654 0.000000 0.000000 0.000000 1.000000
450 0.056472 -79.492966 26.628654 0.000000 0.000000 0.000000 1.000000
451 0.056472 -79.492966 26.628654 0.000000 0.000000 0.000000 1.000000
452 0.056472 -79.492966 26.628654 0.000000 0.000000 0.000000 1.000000
453 0.056472 -79.492966 26.628654 0.000000 0.000000 0.000000 1.000000
454 0.056472 -79.492966 26.628654 0.000000 0.000000 0.000000 1.000000
455 0.056472 -79.492966 26.628654 0.000000 0.000000 0.000000 1.000000
456 0.056472 -79.492966 26.628654 0.000000 0.000000 0.000000 1.000000
457 0.056472 -79.492966 26.628654 0.000000 0.000000 0.000000 1.000000
458 0.056472 -79.492966 26.628654 0.000000 0.000000 0.000000 1.000000
459 0.056472 -79.492966 26.628654 0.000000 0.000000 0.000000 1.000000
460 0.056472 -79.492966 26.628654 0.000000 0.000000 0.000000 1.000000
461 0.056472 -79.492966 26.628654 0.000000 0.000000 0.000000 1.000000
462 0.056472 -79.492966 26.628654 0.000000 0.000000 0.000000 1.000000
463 0.056472 -79.492966 26.628654 0.000000 0.000000 0.000000 1.000000
464 0.056472 -79.492966 26.628654 0.000000 0.000000 0.000000 1.000000
465 0.056472 -79.492966 26.628654 0.000000 0.000000 0.000000 1.000000
466 0.056472 -79.492966 26.628654 0.000000 0.000000 0.000000 1.000000
467 0.056472 -79.492966 26.628654 0.000000 0.000000 0.000000 1.000000
468 0.056472 -79.492966 26.628654 0.000000 0.000000 0.000000 1.000000
469 0.056472 -79.492966 26.628654 0.000000 0.000000 0.000000 1.000000
470 0.056472 -79.492966 26.628654 0.000000 0.000000 0.000000 1.000000
471 0.056472 -79.492966 26.628654 0.000000 0.000000 0.000000 1.000000
472 0.056472 -79.492966 26.628654 0.000000 0.000000 0.000000 1.000000
473 0.056472 -79.492966 26.628654 0.000000 0.000000 0.000000 1.000000
474 0.056472 -79.492966 26.628654 0.000000 0.000000 0.000000 1.000000
475 0.056472 -79.492966 26.628654 0.000000 0.000000 0.000000 1.000000
476 0.056472 -79.492966 26.628654 0.000000 0.000000 0.000000 1.000000
477 0.056472 -79.492966 26.628654 0.000000 0.000000 0.000000 1.000000
478 0.056472 -79.492966 26.628654 0.000000 0.000000 0.000000 1.000000
479 0.056472 -79.492966 26.628654 0.000000 0.000000 0.000000 1.000000
480 0.056472 -79.492966 26.628654 0.000000 0.000000 0.000000 1.000000
481 0.056472 -79.492966 26.628654 0.000000 0.000000 0.000000 1.000000
482 0.056472 -79.492966 26.628654 0.000000 0.000000 0.000000 1.000000
483 0.056472 -79.492966 26.628654 0.000000 0.000000 0.000000 1.000000
484 0.056472 -79.492966 26.628654 0.000000 0.000000 0.000000 1.000000
485 0.056472 -79.492966 26.628654 0.000000 0.000000 0.000000 1.000000
486 0.056472 -79.492966 26.628654 0.000000 0.000000 0.000000 1.000000
487 0.056472 -79.492966 26.628654 0.000000 0.000000 0.000000 1.000000
488 0.056472 -79.492966 26.628654 0.000000 0.000000 0.000000 1.000000
489 0.056472 -79.492966 26.628654 0.000000 0.000000 0.000000 1.000000
490 0.056472 -79.492966 26.628654 0.000000 0.000000 0.000000 1.000000
491 0.056472 -79.492966 26.628654 0.000000 0.000000 0.000000 1.000000
492 0.056472 -79.492966 26.628654 0.000000 0.000000 0.000000 1.000000
493 0.056472 -79.492966 26.628654 0.000000 0.000000 0.000000 1.000000
494 0.056472 -79.492966 26.628654 0.000000 0.000000 0.000000 1.000000
495 0.056472 -79.492966 26.628654 0.000000 0.000000 0.000000 1.000000
496 0.056472 -79.492966 26.628654 0.000000 0.000000 0.000000 1.000000
497 0.056472 -79.492966 26.628654 0.000000 0.000000 0.000000 1.000000
498 0.056472 -79.492966 26.628654 0.000000 0.000000 0.000000 1.000000
499 0.056472 -79.492966 26.628654 0.000000 0.000000 0.000000 1.000000
500 0.056472 -79.492966 26.628654 0.000000 0.000000 0.000000 1.000000
