1 -28.358231 -7.366414 -2.887446771533843
2 -28.37225 -7.366491 -2.8875644707873787
3 -28.397663 -7.366631 -2.8877775388377627
4 -28.438852 -7.366858 -2.8881221143649816
5 -28.504669 -7.367221 -2.888670771812451
6 -28.580656 -7.36764 -2.8893012597000247
7 -28.66271 -7.368093 -2.8899785438387995
8 -28.757423 -7.368615 -2.8907558310232866
9 -28.864826 -7.369207 -2.891631458878317
10 -28.984924 -7.369869 -2.892603357967829
11 -29.117725 -7.370602 -2.8936692430237496
12 -29.263241 -7.371404 -2.8948267620702484
13 -29.421482 -7.372277 -2.8960732343133557
14 -29.592461 -7.373219 -2.897405962415922
15 -29.77619 -7.374232 -2.8988219582983126
16 -29.972672 -7.375316 -2.900318089194885
17 -30.181923 -7.37647 -2.901891232932352
18 -30.40395 -7.377694 -2.9035380584800703
19 -30.638763 -7.378989 -2.9052551367304873
20 -30.886374 -7.380354 -2.90703904060393
21 -31.146786 -7.38179 -2.9088861566583843
22 -31.420004 -7.383296 -2.9107929067006375
23 -31.706047 -7.384873 -2.912755723452372
24 -32.004913 -7.386522 -2.9147708788752227
25 -32.31662 -7.388241 -2.9168348748771984
26 -32.641167 -7.39003 -2.918944037397112
27 -32.978558 -7.391891 -2.921094698781088
28 -33.3288 -7.393822 -2.923283368177193
29 -33.69191 -7.395824 -2.9255065804116103
30 -34.067886 -7.397897 -2.9277608394418593
31 -34.45673 -7.400041 -2.9300427477019197
32 -34.858452 -7.402256 -2.932349035191041
33 -35.27306 -7.404542 -2.9346765047415277
34 -35.700546 -7.4069 -2.937021934992192
35 -36.140926 -7.409328 -2.939382421765826
36 -36.594204 -7.411828 -2.9417549878432445
37 -37.060379 -7.414398 -2.944136844552855
38 -37.539448 -7.41704 -2.946525202063463
39 -38.031422 -7.419753 -2.948917535488489
40 -38.536301 -7.422536 -2.951311377763749
41 -39.054092 -7.425392 -2.95370431314245
42 -39.584782 -7.428318 -2.95609409994199
43 -40.128395 -7.431315 -2.9584786862944754
44 -40.684906 -7.434383 -2.9608559390895643
45 -41.25433 -7.437524 -2.9632239757663625
46 -41.836662 -7.440734 -2.9655810809892844
47 -42.431908 -7.444017 -2.967925510908475
48 -43.040066 -7.447371 -2.9702557386390493
49 -43.661121 -7.450795 -2.972570271985723
50 -44.29509 -7.45429 -2.974867803016323
51 -44.941963 -7.457857 -2.9771470227072787
52 -45.601734 -7.461495 -2.9794067823690003
53 -46.27441 -7.465205 -2.9816460313804867
54 -46.959972 -7.468985 -2.98386378530527
55 -47.658428 -7.472836 -2.9860591773231375
56 -48.369774 -7.476758 -2.988231405362475
57 -49.094002 -7.480752 -2.990379716823605
58 -49.831089 -7.484817 -2.992503434334923
59 -50.581062 -7.488952 -2.9946021027972356
60 -51.343899 -7.493158 -2.996675151267777
61 -52.119595 -7.497435 -2.9987221469198984
62 -52.908134 -7.501783 -3.000742691016097
63 -53.709522 -7.506202 -3.002736503673874
64 -54.523735 -7.510692 -3.0047032832154517
65 -55.350792 -7.515252 -3.0066429071935437
66 -56.190647 -7.519883 -3.00855510751031
67 -57.04332 -7.524585 -3.0104398414567393
68 -57.908783 -7.529357 -3.012297013448279
69 -58.787037 -7.5342 -3.0141266014264665
70 -59.678074 -7.539113 -3.0159286339946596
71 -60.581863 -7.544097 -3.0177030947367087
72 -61.498405 -7.54915 -3.0194501168715484
73 -62.427696 -7.554275 -3.0211697709047027
74 -63.369713 -7.559469 -3.022862214712649
75 -64.324425 -7.564733 -3.0245275560095264
76 -65.291847 -7.570067 -3.0261660267336263
77 -66.271957 -7.574553 -3.027791485306012
78 -67.264732 -7.572755 -3.0294833488594284
79 -68.270149 -7.565954 -3.031219296986816
80 -69.28817 -7.555668 -3.0329748174291544
81 -70.318779 -7.542728 -3.0347364484322146
82 -71.361961 -7.527647 -3.036495885667754
83 -72.417702 -7.510772 -3.038247561625693
84 -73.48597 -7.49234 -3.039987685003187
85 -74.566772 -7.472641 -3.0417120379562
86 -75.660088 -7.452528 -3.0434092469645257
87 -76.7659 -7.432186 -3.045077219641107
88 -77.884201 -7.411614 -3.0467163887429556
89 -79.014938 -7.390813 -3.0483271118783533
90 -80.158142 -7.369783 -3.0499098655637296
91 -81.313736 -7.348524 -3.051465004309794
92 -82.48172 -7.327038 -3.0529929521050003
93 -83.662079 -7.305324 -3.054494153929584
94 -84.854774 -7.283383 -3.0559690074563135
95 -86.059769 -7.261216 -3.057417916994099
96 -87.277069 -7.238822 -3.058841350729495
97 -88.506622 -7.216204 -3.060239675426623
98 -89.748421 -7.19336 -3.061613357214235
99 -91.002411 -7.170291 -3.0629627834765882
100 -92.268585 -7.146998 -3.064288383414092
101 -93.546898 -7.123483 -3.0655905410074413
102 -94.837334 -7.099744 -3.066869705064013
103 -96.139847 -7.075783 -3.0681262547077837
104 -97.454414 -7.0516 -3.069360605712064
105 -98.781044 -7.027196 -3.0705731823202074
106 -100.119629 -7.002571 -3.071764330525988
107 -101.470177 -6.977726 -3.0729344670213927
108 -102.832642 -6.952662 -3.0740839658733066
109 -104.206985 -6.92738 -3.0752132025072347
110 -105.593201 -6.901879 -3.0763225882409917
111 -106.991226 -6.876161 -3.0774124635668607
112 -108.401039 -6.850277 -3.078482741725581
113 -109.815903 -6.952147 -3.0783697373629955
114 -111.158508 -7.436057 -3.074796197557578
115 -112.282379 -8.333617 -3.067508321099755
116 -113.103928 -9.531496 -3.0575192856544593
117 -113.656631 -10.889654 -3.0460723639499974
118 -114.006485 -12.326641 -3.033888775411096
119 -114.208984 -13.80373 -3.0213122924643763
120 -114.30101 -15.303502 -3.0084964546038404
121 -114.315094 -16.817665 -2.9955236969983123
122 -114.316467 -18.343349 -2.9824878080707276
123 -114.317871 -19.880337 -2.969410600406303
124 -114.319267 -21.428614 -2.9562975066524624
125 -114.320679 -22.988125 -2.94315445227178
126 -114.322098 -24.558802 -2.9299874692114436
127 -114.323532 -26.140648 -2.916802058013139
128 -114.324966 -27.733559 -2.903604590709735
129 -114.326416 -29.337543 -2.8904005736430802
130 -114.327888 -30.952496 -2.8771964144773134
131 -114.329361 -32.578434 -2.8639974548855194
132 -114.330841 -34.215237 -2.8508101639346353
133 -114.332321 -35.862877 -2.837640179652102
134 -114.333832 -37.52129 -2.8244934612156767
135 -114.335342 -39.190479 -2.8113752042131215
136 -114.336868 -40.870308 -2.79829173076592
137 -114.338394 -42.560776 -2.785248110104455
138 -114.33992 -44.261822 -2.772249809226914
139 -114.341476 -45.973358 -2.7593024605536245
140 -114.343033 -47.695366 -2.7464108536376695
141 -114.344604 -49.427742 -2.7335804007958933
142 -114.346176 -51.17046 -2.720815693328866
143 -114.347763 -52.923428 -2.7081217295117366
144 -114.349365 -54.686646 -2.695502625496269
145 -114.350967 -56.459999 -2.682963095118837
146 -114.352585 -58.243446 -2.6705072403147527
147 -114.354202 -60.036934 -2.6581389479304813
148 -114.355843 -61.840378 -2.645862280272163
149 -114.357468 -63.653732 -2.633680598732161
150 -114.359131 -65.47686 -2.621598009917821
151 -114.360794 -67.309814 -2.60961683254026
152 -114.36245 -69.152451 -2.5977405871264625
153 -114.364136 -71.004738 -2.5859720414996104
154 -114.367455 -72.866531 -2.574320677333985
155 -114.455933 -74.735229 -2.5631388947090916
156 -114.72271 -76.595909 -2.5529018021297674
157 -115.252525 -78.407608 -2.5442030806032183
158 -116.172165 -80.062248 -2.538172903609636
159 -117.589203 -81.322266 -2.536540509048118
160 -119.389511 -81.949226 -2.540051128223264
161 -121.31189 -82.034943 -2.546997319100776
162 -123.247688 -82.039261 -2.5542973892486747
163 -125.192337 -82.043594 -2.5614723663198737
164 -127.145882 -82.047943 -2.568524657604326
165 -129.108185 -82.052315 -2.5754559637864833
166 -131.079132 -82.056702 -2.58226817284664
167 -133.058731 -82.061111 -2.5889635099568182
168 -135.046783 -82.065544 -2.595543519901856
169 -137.043365 -82.069992 -2.60201072296691
170 -139.048294 -82.074448 -2.608366757451261
171 -141.061508 -82.078934 -2.6146134979193323
172 -143.082916 -82.083427 -2.6207529541615417
173 -145.112457 -82.087952 -2.6267869589966644
174 -147.150055 -82.092484 -2.632717543933185
175 -149.195587 -82.097046 -2.63854633815862
176 -151.248917 -82.101624 -2.644275118449695
177 -153.310104 -82.106216 -2.6499061202746255
178 -155.378922 -82.110817 -2.65544078284892
179 -157.455276 -82.107506 -2.6609204212110056
180 -159.518661 -81.845154 -2.667539260650965
181 -161.414261 -80.995209 -2.676518291862923
182 -162.693787 -79.364861 -2.687738532958838
183 -163.096283 -77.310631 -2.698945559918574
184 -163.103409 -75.197426 -2.709594718232234
185 -163.107727 -73.077133 -2.7203783002241435
186 -163.112045 -70.949844 -2.7313025805418336
187 -163.116425 -68.815689 -2.742366954465916
188 -163.120758 -66.674667 -2.7535709582275296
189 -163.125137 -64.526993 -2.7649132788583315
190 -163.129547 -62.372742 -2.7763929157052862
191 -163.133926 -60.211975 -2.7880086770422556
192 -163.138351 -58.04472 -2.799759654267726
193 -163.142776 -55.871181 -2.8116435463678884
194 -163.147217 -53.691406 -2.8236588231196684
195 -163.151672 -51.505543 -2.8358031698630923
196 -163.156128 -49.31358 -2.8480749393903046
197 -163.160614 -47.115704 -2.8604712413273337
198 -163.165115 -44.91188 -2.872990148544829
199 -163.169586 -42.702408 -2.885627579654285
200 -163.174118 -40.487293 -2.8983811188735835
201 -163.178635 -38.266632 -2.9112473634288634
202 -163.183167 -36.040527 -2.924222825958162
203 -163.187714 -33.809044 -2.9373039726180195
204 -163.192291 -31.572384 -2.950486283003569
205 -163.196854 -29.330626 -2.963765673841833
206 -163.201447 -27.083801 -2.9771382483669506
207 -163.206024 -24.832087 -2.9905989431997653
208 -163.210617 -22.575464 -3.0041437649745943
209 -163.21521 -20.314169 -3.017766949359721
210 -163.219833 -18.048306 -3.031463384518357
211 -163.224457 -15.777962 -3.045227849852744
212 -163.229095 -13.503204 -3.059055120745735
213 -163.233765 -11.22418 -3.0729393316051907
214 -163.238403 -8.940933 -3.0868750873356703
215 -163.243073 -6.653634 -3.1008561434059914
216 -163.247711 -4.362412 -3.1148763583461903
217 -163.252411 -2.067289 -3.128930185098492
218 -163.25708 0.231564 3.1401742535748682
219 -163.261795 2.534062 3.1260724363163033
220 -163.266479 4.840064 3.1119561544037895
221 -163.271179 7.149527 3.0978313323773685
222 -163.275909 9.462229 3.083705011425934
223 -163.280609 11.778165 3.06958287952325
224 -163.285339 14.097148 3.0554717630336747
225 -163.29007 16.419111 3.041377691095956
226 -163.2948 18.743927 3.0273070195400966
227 -163.299561 21.071491 3.0132659328995754
228 -163.304291 23.401627 2.9992608932817832
229 -163.309052 25.734352 2.9852972058448293
230 -163.313812 28.06953 2.971380915278417
231 -163.318573 30.406866 2.9575189107817366
232 -163.323349 32.746433 2.9437157731705508
233 -163.32811 35.088058 2.9299773487299765
234 -163.332886 37.431419 2.916310255428809
235 -163.337677 39.77663 2.902718358610403
236 -163.342438 42.123623 2.8892063573371836
237 -163.347244 44.472168 2.8757798687893845
238 -163.35202 46.822189 2.8624432043426418
239 -163.356796 49.173592 2.8492007392153926
240 -163.361603 51.526333 2.836056378494837
241 -163.366394 53.880161 2.8230148395389687
242 -163.371185 56.235085 2.8100792844985194
243 -163.375992 58.590908 2.7972538050947016
244 -163.380798 60.947548 2.7845415794948782
245 -163.385605 63.304901 2.771945726849887
246 -163.390381 65.662773 2.759469553795005
247 -163.395203 68.021149 2.7471154298620664
248 -163.399994 70.379898 2.7348858039580284
249 -163.403473 72.738838 2.7227804165665646
250 -163.004517 75.050316 2.7101084514988156
251 -161.541534 76.84874 2.697556008848304
252 -159.314209 77.559036 2.6885359405575207
253 -156.956879 77.602173 2.6824212897585618
254 -154.59845 77.595337 2.67641392922378
255 -152.240326 77.588501 2.670258953870332
256 -149.882935 77.581673 2.6639524627580022
257 -147.526077 77.574844 2.6574888038313773
258 -145.170151 77.568016 2.650863720047295
259 -142.815063 77.56118 2.6440714654962107
260 -140.461029 77.554367 2.637106763196287
261 -138.108215 77.547539 2.629964393389181
262 -135.756561 77.540733 2.622637829201989
263 -133.406311 77.533913 2.6151216745662333
264 -131.057617 77.5271 2.6074097454367626
265 -128.710495 77.520302 2.5994952613335953
266 -126.365158 77.513504 2.5913720138056124
267 -124.021652 77.506706 2.5830329205706124
268 -121.680077 77.499931 2.5744707142834544
269 -119.340591 77.493149 2.5656784230399774
270 -117.003212 77.486374 2.5566480560633402
271 -114.66819 77.479591 2.54737245806373
272 -112.335526 77.472839 2.537842943464764
273 -110.005562 77.46608 2.528052463641397
274 -107.67804 77.459343 2.517990807803577
275 -105.353317 77.452591 2.5076505436753873
276 -103.031464 77.445869 2.497022308482956
277 -100.712654 77.439148 2.4860974519855366
278 -98.396797 77.432442 2.4748655946668907
279 -96.084251 77.42572 2.4633186154124305
280 -93.774864 77.419037 2.451445157304195
281 -91.46904 77.412346 2.4392371948261404
282 -89.166557 77.405663 2.4266828891333443
283 -86.868019 77.399017 2.413774727484774
284 -84.572914 77.392365 2.4004993569228827
285 -82.281799 77.385719 2.3868491051129377
286 -79.994675 77.379082 2.372813221624973
287 -77.711578 77.372482 2.3583810170320807
288 -75.432632 77.365875 2.3435429277485342
289 -73.15802 77.359283 2.3282895757811923
290 -70.887825 77.352692 2.312611444793261
291 -68.621956 77.34613 2.2964978239353977
292 -66.360764 77.339592 2.2799417839056644
293 -64.104416 77.333038 2.2629359584566653
294 -61.852829 77.326515 2.2454711616076946
295 -59.606125 77.319992 2.2275409676513487
296 -57.364395 77.313507 2.2091391654017585
297 -55.127762 77.307014 2.1902613547044614
298 -52.896454 77.30056 2.1709046685870117
299 -50.670448 77.294098 2.151065973234269
300 -48.449894 77.287659 2.1307446111639905
301 -46.234818 77.28125 2.10994055381001
302 -44.025501 77.274841 2.0886581687364933
303 -41.821842 77.268456 2.066899781009577
304 -39.623978 77.26207 2.0446722952871443
305 -37.432018 77.255722 2.0219842134988837
306 -35.246223 77.24939 1.9988483213560333
307 -33.066399 77.24308 1.9752748505825497
308 -30.89282 77.236778 1.9512815953287415
309 -28.725641 77.230492 1.926887611274857
310 -26.564903 77.224228 1.902113287326637
311 -24.410677 77.217987 1.876981927997
312 -22.262997 77.211754 1.8515189741472025
313 -20.122137 77.205551 1.8257550612973588
314 -17.987976 77.199371 1.799718534892007
315 -15.860672 77.193222 1.7734432006384917
316 -13.740306 77.187286 1.746963527536903
317 -11.627073 77.18158 1.720317704099191
318 -9.521093 77.176041 1.693544607572181
319 -7.422323 77.170708 1.6666819569435165
320 -5.331573 77.142059 1.6398002943083336
321 -3.348956 76.554451 1.6145145180503433
322 -1.805396 75.188835 1.594803204304658
323 -0.814719 73.379936 1.5818986194623617
324 -0.227637 71.406479 1.573984219995271
325 0.097394 69.37999 1.569392551210242
326 0.245962 67.340309 1.5671438204450638
327 0.288782 65.303246 1.5663741864683818
328 0.322413 63.273983 1.5657008642625911
329 0.355921 61.252842 1.5649857067047932
330 0.389285 59.239899 1.5642250901233807
331 0.422502 57.235317 1.5634146200423236
332 0.455599 55.238998 1.5625487356712107
333 0.488539 53.251171 1.5616223446028759
334 0.521345 51.271839 1.560628424815709
335 0.554008 49.301113 1.5595595686596475
336 0.586529 47.338909 1.5584069624841757
337 0.618906 45.385548 1.5571605403364024
338 0.651145 43.440933 1.5558082453701458
339 0.683231 41.505337 1.5543365327815657
340 0.715151 39.578827 1.5527292631752718
341 0.746932 37.66114 1.5509659634877129
342 0.77857 35.75267 1.5490232126673527
343 0.810056 33.853439 1.5468725697444488
344 0.84137 31.963472 1.5444795438653602
345 0.87255 30.082884 1.5417995910928204
346 0.903568 28.21159 1.538779016630622
347 0.934415 26.349926 1.5353494110009744
348 0.965118 24.497734 1.531420474445654
349 0.99566 22.655159 1.526876100376458
350 1.02603 20.822363 1.5215607628197332
351 1.056252 18.999203 1.5152589545776523
352 1.086302 17.185884 1.5076713382412408
353 1.116195 15.382666 1.4983614081865553
354 1.145921 13.589178 1.4866693572719794
355 1.175485 11.805811 1.4715550789869274
356 1.204867 10.032555 1.451273032409046
357 1.234088 8.269448 1.422654992705124
358 1.263142 6.516513 1.3793335915721538
359 1.292033 4.77387 1.3064816679965336
360 1.320744 3.041573 1.161133347926077
361 1.349282 1.319636 0.7742907480323367
362 1.377654 -0.391797 -0.27707890675541913
363 1.405849 -2.092856 -0.979291639826209
364 1.281714 -3.774101 -1.2434094544117211
365 0.627322 -5.308821 -1.4531757828715064
366 -0.576706 -6.448203 -1.6599956994329683
367 -2.085042 -7.124998 -1.8554849737637258
368 -3.695397 -7.463877 -2.0305196468910403
369 -5.326934 -7.582514 -2.183217416121572
370 -6.95281 -7.573596 -2.3134854743640663
371 -8.567657 -7.552242 -2.419102772749891
372 -10.171466 -7.53075 -2.5042768272569766
373 -11.764293 -7.509111 -2.5734886574345737
374 -13.346019 -7.487323 -2.630331629739518
375 -14.916487 -7.465378 -2.677562480788209
376 -16.476006 -7.443268 -2.7172726704352312
377 -18.024117 -7.42099 -2.7510190653644577
378 -19.560919 -7.398537 -2.779992739598225
379 -21.086468 -7.375965 -2.8050994629772306
380 -22.600685 -7.353534 -2.827028174248698
381 -24.103359 -7.331273 -2.8463239060257632
382 -25.594639 -7.30918 -2.8634220991997963
383 -27.074404 -7.287259 -2.878666925582046
384 -28.542604 -7.26551 -2.892336567387415
385 -29.999187 -7.243931 -2.9046573374241507
386 -31.444221 -7.222524 -2.915815663050223
387 -32.877537 -7.201291 -2.9259641551248503
388 -34.299259 -7.180229 -2.935232048706023
389 -35.70908 -7.159345 -2.943725134913591
390 -37.107262 -7.138631 -2.951536302475397
391 -38.493649 -7.118093 -2.958742073607335
392 -39.868092 -7.097733 -2.9654081406696102
393 -41.230553 -7.077549 -2.9715916335584462
394 -42.58112 -7.057541 -2.977342392067556
395 -43.919739 -7.037711 -2.9827031239203325
396 -45.246197 -7.018061 -2.987710589552716
397 -46.560677 -6.998588 -2.9923984357008084
398 -47.863274 -6.979291 -2.9967959036025724
399 -49.153614 -6.960176 -3.0009273314268214
400 -50.431778 -6.941241 -3.0048157679368215
401 -51.698044 -6.922482 -3.008482229589148
402 -52.951996 -6.903906 -3.011943523177509
403 -54.193771 -6.88551 -3.0152162338229083
404 -55.423309 -6.867295 -3.0183147156897965
405 -56.64048 -6.849265 -3.0212516982627613
406 -57.845543 -6.831412 -3.0240396748105263
407 -59.038116 -6.813745 -3.026688388980434
408 -60.218616 -6.796257 -3.0292084670874035
409 -61.386509 -6.778956 -3.0316075823978306
410 -62.542046 -6.761838 -3.033894315808042
411 -63.685345 -6.744901 -3.0360762202697753
412 -64.815994 -6.728151 -3.038159229093254
413 -65.934258 -6.711586 -3.0401499700652064
414 -67.039986 -6.69547 -3.0420499597277493
415 -68.133461 -6.680975 -3.043847953688629
416 -69.214317 -6.668065 -3.045549666759151
417 -70.282684 -6.656477 -3.047164265216322
418 -71.338478 -6.646021 -3.0486989798286364
419 -72.381752 -6.636546 -3.0501601876591407
420 -73.412376 -6.62793 -3.0515532137365495
421 -74.430336 -6.620069 -3.0528829300979616
422 -75.435883 -6.612887 -3.0541538235418284
423 -76.428726 -6.606318 -3.055369334761853
424 -77.408768 -6.600284 -3.0565330601326517
425 -78.376167 -6.594749 -3.057648112858586
426 -79.33091 -6.589661 -3.058717422618811
427 -80.272865 -6.584987 -3.059743382521105
428 -81.202087 -6.580673 -3.060728683800321
429 -82.118828 -6.576719 -3.061675393838099
430 -83.022446 -6.573074 -3.0625852061117005
431 -83.913483 -6.56971 -3.0634605610394394
432 -84.791718 -6.566626 -3.0643027343567315
433 -85.657257 -6.563792 -3.0651135563645955
434 -86.510025 -6.561188 -3.065894480182367
435 -87.349838 -6.558794 -3.0666467858465007
436 -88.176941 -6.556599 -3.067371944338022
437 -88.990974 -6.554588 -3.0680708874862264
438 -89.792519 -6.552749 -3.0687452303361384
439 -90.581093 -6.55107 -3.0693956470899044
440 -91.356735 -6.549541 -3.070023168183993
441 -92.119713 -6.548151 -3.070628955728064
442 -92.869553 -6.546889 -3.0712135484115337
443 -93.606728 -6.545746 -3.0717781446992882
444 -94.331017 -6.544715 -3.072323348954846
445 -95.042343 -6.543791 -3.0728498194484257
446 -95.740852 -6.542971 -3.0733583190909832
447 -96.426308 -6.542243 -3.073849396623327
448 -97.098938 -6.541594 -3.0743239061827117
449 -97.758858 -6.541018 -3.0747825139753346
450 -98.40564 -6.540528 -3.0752252957968005
451 -99.039696 -6.540107 -3.0756531799341746
452 -99.660706 -6.539739 -3.0760665625375427
453 -100.268936 -6.539437 -3.0764659155540377
454 -100.864098 -6.539195 -3.0768515175836586
455 -101.446495 -6.53899 -3.077224175376425
456 -102.0159 -6.538846 -3.0775838725522355
457 -102.572495 -6.538738 -3.077931315455295
458 -103.116119 -6.538668 -3.0782667126487158
459 -103.646835 -6.538643 -3.078590349155771
460 -104.164467 -6.538639 -3.0789026476252417
461 -104.669357 -6.538681 -3.0792038576002105
462 -105.161446 -6.538733 -3.0794945534202665
463 -105.640427 -6.538829 -3.079774486857663
464 -106.106728 -6.538929 -3.080044529587903
465 -106.56002 -6.539066 -3.080304409687763
466 -107.000443 -6.539207 -3.080554737142348
467 -107.427864 -6.539374 -3.0807954394849055
468 -107.842369 -6.539551 -3.081026913444262
469 -108.24424 -6.539733 -3.081249550030745
470 -108.633102 -6.53994 -3.081463133833473
471 -109.008865 -6.540141 -3.081668071553136
472 -109.372063 -6.540356 -3.081864634057385
473 -109.722504 -6.540578 -3.082052931122334
474 -110.059891 -6.540793 -3.082233073602802
475 -110.384323 -6.541019 -3.0824050901515614
476 -110.69603 -6.541248 -3.0825693065104174
477 -110.99501 -6.541469 -3.082725942145586
478 -111.28096 -6.541688 -3.0828748982577547
479 -111.554352 -6.541915 -3.083016443654575
480 -111.814583 -6.542132 -3.08315052601082
481 -112.06221 -6.542339 -3.0832775334193543
482 -112.297119 -6.542542 -3.0833974429512443
483 -112.51899 -6.542747 -3.083510121476034
484 -112.72818 -6.542943 -3.0836159309595335
485 -112.924713 -6.543126 -3.0837149925520273
486 -113.108635 -6.543297 -3.083807389093366
487 -113.279495 -6.543459 -3.0838929280923413
488 -113.437691 -6.543617 -3.083971827671873
489 -113.583298 -6.543766 -3.0840442235769454
490 -113.716057 -6.543903 -3.084110060334046
491 -113.835999 -6.544026 -3.0841694161506754
492 -113.943443 -6.544137 -3.084222474160945
493 -114.038277 -6.544233 -3.084269239541289
494 -114.120255 -6.544318 -3.0843095852348053
495 -114.196411 -6.544396 -3.0843470222897027
496 -114.262238 -6.544464 -3.084379336643157
497 -114.303268 -6.544506 -3.0843994627781144
498 -114.328613 -6.544532 -3.084411887387731
499 -114.342766 -6.544547 -3.084418818878334
500 -114.347214 -6.544551 -3.08442100317705
